Game @ 1970-01-01 00:00:00.000000:
  Drought at Game Over:
    I: 0
    J: 4
    L: 2
    O: 7
    S: 0
    T: 2
    Z: 5
  Initials: ASS
  Level: 12
  Score: 69420
  Total Gametime: '0:00:03.413203'
  Total Lines: 123
Game @ 2023-07-12 00:28:55.1:
  Drought at Game Over:
    I: 4
    J: 2
    L: 5
    O: 0
    S: 6
    T: 0
    Z: 23
  Initials: NGG
  Level: 9
  Score: 41140
  Total Gametime: '0:07:32.485000'
  Total Lines: 96
